69238
69239
69242
69243
69244
69245
69246
69247
69248
69250
69251
69252
69253
69256
69257
69259
69260
69272
69273
69274
69275
69276
69277
69279
69280
69282
69283
69284
69285
69286
69288
69289
69291
69292
69293
69294
69295
69296
69302
69303
69304
69305
69306
69309
69310
69311
69312
69313
69316
69323
69324
69326
69328
69329
69330
69331
69332
69339
69340
69342
69343
69344
69345
69346
69348
69349
69350
69351
69352
69353
69355
69356
69357
69377
69382
69383
69385
69386
69387
69392
69393
69394
69395
69396
69397
69398
69404
69405
69406
69413
69414
69418
69420
69421
69422
69423
69424
69425
69430
69433
69539
69540
69541
69542
69545
69546
69550
69551
69552
69562
69565
69566
69567
69568
69574
69576
69577
69578
69579
69580
69581
69582
69583
69584
69604
69605
69607
69608
69609
69610
69611
69614
69615
69616
69617
69618
69619
69621
69622
69624
69625
69626
69627
69635
69636
69637
69638
69639
69640
69641
69647
69648
69650
69653
69654
69655
69656
69659
69665
69666
69667
69668
69669
69670
69671
69672
69674
69693
69694
69695
69696
69697
69698
69700
69704
69705
69706
69707
69708
69709
69710
69712
69714
69715
69716
69717
69718
69719
69740
69742
69743
69744
69745
69746
69747
69748
69749
69761
69762
69763
69767
69769
69770
69771
69772
69773
69774
69797
69805
69806
69810
69811
69812
69813
69814
69815
69817
69820
69821
69822
69823
69824
69825
71199
71200
71201
71202
71203
71204
71208
71209
71210
71211
71212
71213
71214
71215
71219
71220
71221
71222
71223
71224
71225
71226
71249
71250
71251
71252
71253
71254
71255
71260
71263
71264
71265
71266
71267
71268
71269
71270
71276
71277
71278
71279
71308
71309
71310
71312
71313
71314
71315
71329
71330
71331
71332
71334
71335
71336
71337
71338
71339
71345
71346
71347
71348
71349
71350
71351
71352
71360
71362
71363
71364
71365
71366
71367
71368
71369
71370
71371
71378
71379
71380
71389
71390
71391
71392
71393
71394
71395
71403
71404
71405
71406
71407
71409
71415
71416
71417
71418
71419
71420
71437
71438
71439
71440
71441
71442
71443
71444
71454
71455
71456
71457
71459
71460
71461
71467
71468
71469
71471
71472
71473
71474
71482
71484
71494
71495
71496
71497
71498
71504
71505
71506
71507
71508
71509
71510
71511
71520
71522
71576
71577
71578
71579
71583
71584
71585
71591
71592
71593
71594
71595
71596
71597
71598
71599
71610
71617
71618
71621
71622
71623
71624
71625
71626
71627
71635
71636
71638
71639
71640
71641
71642
71649
71650
71651
71652
71653
71654
71655
71677
71678
71680
71681
71682
71683
71684
71685
71691
71693
71694
71695
71696
71697
71698
71699
71705
71706
71707
71709
71710
71712
71713
71720
71721
71722
71723
71725
71726
71727
71728
71736
71737
71738
71739
71740
71741
71742
71743
71744
71745
71746
71760
71762
71764
71771
71775
71776
71777
71778
71796
71797
71798
71801
71812
71813
71814
71815
71816
71817
71818
71827
71828
71829
71830
71832
71833
71835
71842
71844
71846
71850
71851
71852
71853
71859
71860
71861
71862
71863
71864
71865
71898
71899
71900
71903
71905
71906
71915
71916
71917
71918
71919
71920
71921
71940
71941
71942
71943
71944
71945
71952
71953
71954
71955
71957
71958
71964
71971
71972
71973
71974
71975
71976
71977
71985
71986
71987
71988
71989
71990
71997
71999
72000
72001
72002
72003
72019
72020
72021
72022
72023
72024
72025
72026
72027
72028
72029
72030
72036
72037
72038
72039
72041
72042
72043
72050
72051
72052
72053
72056
72058
72059
72060
72070
72082
72085
72086
72087
72088
72089
72090
72091
72098
72099
72100
72101
72102
72103
72112
72113
72121
72122
72123
72124
72127
72133
72134
72135
72136
72137
72138
72139
72140
72141
72146
72147
72148
72149
72151
72152
72153
72154
72164
72165
72166
72167
72168
72169
72170
72171
72172
72179
72180
72181
72199
72200
72206
72207
72208
72209
72210
72212
72220
72221
72222
72223
72224
72225
72227
72228
72235
72236
72237
72238
72239
72240
72271
72272
72273
72274
72278
72279
72280
72281
72282
72284
72285
72286
72300
72301
72302
72303
72310
72311
72312
72313
72314
72316
72438
72439
72440
72441
72442
72443
72444
72445
72446
72462
72463
72464
72465
72466
72467
72476
72478
72479
72480
72488
72490
72491
72492
72493
72494
72495
72496
72497
72504
72505
72506
72507
72508
72509
72510
72512
72522
72524
72525
72526
72528
72529
72533
72534
72535
72546
72547
72548
72550
72551
72552
72553
72569
72570
72571
72573
72574
72575
72576
72577
72578
72580
72581
72582
72588
72589
72590
72591
72592
72593
72601
72602
72603
72604
72605
72606
72607
72621
72622
72623
72624
72625
72626
72627
72628
72629
72630
72638
72639
72640
72641
72642
72643
72644
72653
72654
72655
72664
72665
72669
72677
72678
72691
72692
72693
72694
72696
72698
72699
72703
72710
72712
72713
72714
72715
72722
72723
72724
72725
72726
72764
72769
72770
72772
72773
72774
72775
72776
72794
72796
72797
72823
72824
72830
72831
72835
72838
72839
72840
72855
72862
72863
72864
72865
72866
72867
72868
72869
72870
72878
72884
72885
72889
72890
72891
72892
72894
72895
72908
72909
72910
72911
72912
72913
72921
72922
72923
72924
72926
72927
72934
72935
72936
72937
72938
72939
72942
72949
72950
72951
72952
72953
72954
72955
72961
72964
72965
72966
72967
72968
72969
72972
72973
72974
72975
72976
72977
72978
72979
72986
72988
72989
72990
72991
72993
72994
72995
73002
73003
73004
73005
73006
73007
73035
73036
73038
73040
73041
73042
73043
73052
73056
73057
73058
73059
73060
73061
73816
73817
73818
73820
73821
73822
73823
73824
73825
73831
73833
73834
73839
73840
73841
73847
73848
73849
73850
73851
73852
73853
73856
73857
73892
73893
73894
73895
73897
73898
73899
73900
73906
73907
73908
73909
73910
73911
73912
73913
73921
73924
73925
73926
73927
73928
73935
73936
73937
73938
73939
73941
73942
73943
73953
73954
73955
73957
73958
73959
73961
73962
73963
73964
73965
73968
73978
73979
73980
73981
73982
73983
73984
73985
73994
74001
74011
74036
74037
74038
74039
74040
74041
74050
74051
74052
74053
74059
74060
74061
74062
74063
74064
74065
74066
74068
74069
74070
74071
74072
74073
74074
74078
74079
74083
74084
74085
74086
74088
74101
74102
74103
74104
74111
74112
74113
74114
74115
74116
74117
74118
74124
74125
74126
74127
74128
74131
74146
74149
74150
74151
74155
74156
74157
74191
74192
74276
74277
74279
74280
74281
74282
74283
74284
74285
74286
74293
74294
74295
74296
74297
74305
74306
74307
74308
74310
74311
74330
74331
74332
74333
74335
74336
74337
74338
74347
74348
74349
74350
74351
74352
74353
74354
74355
74360
74361
74363
74364
74365
74366
74372
74373
74374
74375
74384
74385
74386
74387
74388
74389
74390
74394
74395
74396
74397
74398
74399
74400
74401
74409
74410
74411
74412
74413
74414
74415
74416
74417
74432
74436
74437
74438
74441
74442
74443
74444
74445
74446
74447
74448
74449
74450
74451
74467
74468
74469
74470
74471
74472
74474
74482
74484
74485
74488
74489
74490
74491
74492
74493
74494
74502
74503
74504
74505
74506
74507
74509
74510
74516
74517
74518
74519
74522
74523
74524
74531
74534
74536
74537
74538
74539
74540
74541
74548
74550
74551
74552
74553
74554
74555
74564
74565
74567
74568
74569
74570
74571
74572
75143
75144
75159
75162
75163
75164
75165
75166
75168
75170
75183
75184
75185
75186
75188
75189
75221
75222
75223
75224
75225
75238
75239
75240
75241
75242
75243
75244
75245
75246
75247
75254
75255
75256
75268
75279
75302
75303
75315
75316
75321
75335
75342
75358
75359
75360
75361
75362
75363
75364
75377
75378
75379
75380
75381
75390
75391
75392
75393
75394
75395
75396
75403
75405
75406
75407
75408
75409
75421
75422
75427
75428
75429
75430
75431
75432
75433
75440
75442
75443
75444
75445
75449
75450
75451
75458
75459
75460
75461
75462
75484
75491
75492
75493
75494
75495
75496
75497
75504
75505
75506
75507
75508
75509
75510
75511
75518
75519
75520
75521
75522
75523
75524
75525
75526
75533
75534
75535
75536
75537
75538
75546
75548
75549
75551
75552
75554
75578
75579
75580
75581
75606
75607
75608
75626
75627
75640
75641
75642
75643
75644
75645
75646
75655
75657
75658
75659
75660
75662
75663
75664
75671
75688
75689
75690
75691
75692
75693
75694
75695
75703
75704
75705
75706
75707
75708
75714
75715
75716
75717
75718
75719
75726
75727
75728
75730
75741
75742
75757
75767
75768
75769
75770
75771
75772
75773
75774
75775
75776
75785
75786
75787
75788
75808
75809
75810
75811
75812
75813
75822
75839
75840
75841
75842
75844
75845
75864
75865
75866
75867
75868
75869
75870
75876
75880
75881
75882
75883
75884
75885
75886
75887
75888
75889
75903
75904
75905
75907
75909
75910
75911
75912
75913
75914
75915
75916
76002
76003
76004
76005
76006
76007
76008
76009
76016
76017
76018
76019
76020
76021
76022
76023
76024
76040
76041
76042
76044
76045
76046
76047
76048
76049
76057
76058
76061
76062
76063
76064
76073
76074
76075
76076
76079
76080
76081
76082
76083
76093
76094
76096
76097
76098
76099
76101
76108
76109
76110
76111
76113
76114
76115
76117
76124
76125
76126
76127
76128
76129
76130
76138
76139
76140
76141
76142
76143
76144
76151
76152
76153
76154
76194
76195
76196
76197
76202
76205
76206
76213
76214
76215
76216
76217
76218
76219
76220
76227
76228
76231
76232
76234
76235
76236
76244
76246
76247
76248
76250
76253
76254
76256
76257
76268
76269
76271
76280
76281
76282
76285
76286
76291
76292
76293
76294
76295
76296
76307
76308
76309
76312
76313
76315
76316
76317
76325
76326
76327
76331
76332
76333
76334
76344
76345
76346
76347
76348
76414
76416
76417
76418
76435
76451
76452
76459
76469
76470
76472
76473
76474
76475
76476
76477
76486
76487
76488
76489
76490
76492
76505
76507
76508
76509
76510
76511
76512
76522
76523
76526
76527
76528
76529
76530
76531
76532
76533
76541
76542
76543
76544
76545
76546
76555
76556
76557
76558
76559
76560
76561
76562
76570
76571
76576
76577
76579
76580
76581
76582
76583
76584
76596
76597
76598
76599
76600
76609
76610
76611
76612
76613
76614
76616
76618
76626
76627
76628
76629
76630
76631
76632
76633
76642
76645
76646
76648
76649
76650
76651
76654
76661
76662
76664
76665
76666
76667
76668
76669
76679
76680
76681
76682
76683
76684
76692
76695
76697
76700
76701
76736
76737
76738
76739
76740
76741
76743
76746
76747
76757
76758
76759
76760
76761
76762
76763
76775
76778
76779
76780
76781
76782
76784
76785
76786
76795
76796
76797
76798
76799
76800
76801
76802
76817
76821
76822
76823
76824
76825
76826
76838
76839
76840
76841
76842
76856
76857
76866
76868
76869
76870
76871
76892
76893
76894
76895
76896
76897
76905
76906
76912
76913
76914
76915
76916
76917
76918
76919
76935
76936
76937
76938
76939
76940
76947
76948
76949
76950
76951
76952
76953
76961
76962
76963
76966
76967
76974
76977
76978
76979
76980
76981
76982
76984
76998
76999
77000
77001
77002
77003
77004
77005
77006
77007
77010
77011
77012
77020
77022
77023
77024
77026
77027
77028
77038
77039
77041
77045
77046
77047
77048
77049
77059
77062
77063
77064
77065
77067
77068
77069
77070
77080
77082
77083
77084
77085
77086
77087
77088
77099
77101
77102
77103
77143
77144
77145
77146
77160
77161
77164
77165
77166
77167
77168
77169
77177
77179
77180
77181
77182
77183
77184
77185
77195
77197
77198
77199
77200
77201
77202
77203
77213
77214
77218
77221
77223
77224
77225
77227
77228
77230
77238
77239
77241
77242
77243
77244
77245
77260
77261
77320
77321
77322
77323
77324
77325
77326
77327
77339
77340
77342
77343
77344
77363
77364
77366
77367
77368
77369
77370
77372
77382
77383
77384
77385
77386
77388
77389
77390
77401
77402
77403
77404
77406
77407
77419
77421
77422
77424
77425
77426
77427
77428
77434
77435
77436
77437
77438
77439
77443
77444
77455
77457
77458
77461
77462
77463
77464
77465
77466
77473
77474
77475
77476
77481
77484
77485
77486
77487
77488
77494
77497
77498
77499
77500
77501
77502
77503
77514
77515
77516
77517
77521
77522
77523
77524
77531
77549
77550
77551
77553
77554
77601
77602
77603
77604
77605
77606
77614
77615
77616
77617
77618
77619
77620
77621
77633
77634
77636
77638
77639
77642
77658
77659
77660
77661
77662
77663
77664
77691
77698
77699
77700
77701
77702
77704
77705
77706
77752
77753
77754
77755
77756
77759
77760
77762
77763
77764
77766
77767
77778
77779
77780
77781
77782
77783
77784
77786
77795
77796
77797
77798
77810
77813
77814
77815
77818
77824
77831
77832
77834
77835
77850
77851
77854
77856
77863
77864
77865
77866
77867
77868
77872
77873
77874
77882
77883
77884
77885
77886
77887
77889
77900
77901
77902
77903
77905
77906
77907
77908
77909
77910
77918
77919
77920
77921
77922
77923
77924
77932
77933
77934
77935
77936
77937
77938
77939
77942
77949
77950
77951
77952
77953
77954
77955
77957
77958
77965
77966
77967
77968
77972
77973
77974
77980
77981
77989
77990
77991
77992
77994
77995
77996
78006
78015
78016
78017
78018
78019
78020
78029
78030
78032
78033
78034
78035
78036
78048
78049
78050
78051
78053
78054
78055
78056
78057
78066
78067
78068
78069
78071
78072
78073
78074
78082
78083
78084
78085
78086
78087
78088
78089
78202
78203
78206
78207
78209
78210
78211
78218
78219
78220
78221
78222
78223
78224
78225
78226
78227
78228
78229
78238
78239
78240
78247
78248
78249
78250
78251
78252
78253
78254
78261
78262
78263
78264
78265
78266
78267
78268
78279
78280
78282
78288
78289
78290
78292
78293
78294
78295
78297
78305
78306
78307
78308
78309
78310
78317
78318
78319
78320
78322
78323
78324
78326
78327
78328
78329
78339
78340
78342
78343
78345
78346
78347
78348
78349
78358
78359
78360
78361
78362
78363
78364
78365
78374
78375
78376
78377
78378
78379
78380
78387
78389
78390
78391
78395
78398
78400
78403
78404
78405
78406
78407
78408
78418
78419
78420
78421
78423
78425
78427
78428
78437
78438
78439
78442
78443
78444
78445
78446
78447
78448
78462
78463
78464
78465
78466
78467
78470
78471
78472
78480
78481
78485
78486
78487
78488
78489
78490
78491
78502
78503
78504
78505
78507
78508
78509
78510
78520
78521
78522
78523
78524
78525
78526
78527
78536
78537
78538
78543
78544
78545
78547
78555
78556
78558
78559
78568
78571
78572
78575
78576
78579
78580
78583
78584
78585
78586
78587
78596
78597
78602
78603
78604
78615
78616
78617
78645
78646
78647
78648
78649
78659
78660
78662
78682
78683
78689
78698
78700
78703
78708
78709
78710
78711
78727
78728
78729
78731
78732
78733
78734
78735
78736
78737
78739
78740
78747
78748
78749
78750
78751
78752
78754
78758
78776
78777
78778
78780
78783
78784
78802
78803
78805
78806
78813
78814
78818
78819
78820
78834
78836
78838
78839
78840
78841
78842
78843
78845
78856
78858
78860
78863
78864
78865
78867
78868
78880
78881
78882
78883
78884
78885
78886
78894
78895
78896
78897
78899
78900
78901
78903
78915
78916
78917
78918
78920
78921
78923
78924
78941
78942
78944
78950
78951
78952
78953
78954
79262
79267
79269
79270
79271
79279
79283
79292
79293
79311
79312
79313
79316
79317
79318
79339
79340
79341
79342
79343
79344
79345
79363
79370
79373
79393
79394
79395
79396
79397
79398
79399
79400
79408
79409
79412
79413
79414
79415
79416
79417
79418
79427
79428
79433
79435
79438
79439
79440
79441
79442
79445
79455
79458
79470
79471
79475
79477
79478
79479
79480
79481
79482
79487
79488
79489
79490
79493
79494
79495
79498
79499
79507
79508
79509
79510
79511
79512
79513
79514
79515
79516
79523
79524
79525
79526
79527
79528
79529
79530
79563
79564
79565
79566
79567
79568
79569
79570
79571
79572
79593
79594
79595
79596
79597
79598
79599
79600
79601
79614
79617
79627
79629
79630
79652
79653
79654
79655
79656
79657
79658
79659
79660
79687
79697
79699
79705
79706
79707
79708
79709
79711
79712
79726
79727
79728
79729
79731
79732
79733
79735
79736
79737
79738
79807
79808
79820
79821
79822
79823
79824
79825
79826
79827
79828
79829
79852
79853
79854
79855
79856
79857
79858
79859
79866
79867
79871
79873
79877
79878
79879
79880
79881
79882
79897
79898
79899
79900
79901
79902
79903
79904
79906
79907
79908
79909
79910
79917
79918
79919
79920
79927
79928
79933
79934
79935
79937
79938
79939
79940
79941
79942
79943
79961
79981
79982
79983
79984
79985
79988
79990
79991
79992
80003
80009
80010
80011
80013
80014
80015
80016
80125
80126
80127
80128
80129
80132
80134
80135
80136
80149
80150
80151
80152
80155
80156
80157
80158
80159
80160
80161
80175
80176
80177
80179
80180
80181
80182
80183
80184
80188
80195
80202
80203
80204
80207
80208
80209
80210
80211
80212
80213
80215
80224
80225
80226
80227
80228
80231
80232
80233
80234
80243
80244
80245
80248
80249
80251
80254
80255
80256
80258
80259
80265
80266
80267
80268
80269
80270
80271
80272
80273
80276
80277
80278
80279
80280
80281
80287
80288
80289
80290
80291
80292
80293
80294
80295
80296
80307
80311
80312
80313
80314
80315
80316
80317
80318
80319
80320
80321
80342
80343
80345
80349
80350
80352
80354
80358
80359
80361
80364
80365
80368
80369
80370
80380
80381
80382
80383
80385
80386
80387
80388
80389
80390
80395
80396
80408
80409
80411
80412
80413
80414
80417
80418
80419
80420
80433
80435
80436
80442
80443
80444
80450
80451
80454
80455
80456
80457
80458
80469
80470
80471
80472
80473
80474
80475
80476
80483
80484
80486
80488
80489
80490
80491
80492
80493
80494
80495
80502
80503
80509
80510
80511
80512
80513
80514
80515
80516
80517
80518
80519
80520
80521
80522
80536
80537
80541
80542
80543
80544
80545
80546
80547
80548
80549
80556
80557
80563
80564
80565
80569
80570
80571
80572
80573
80574
80576
80577
80578
80591
80592
80593
80594
80595
80596
80597
80598
80599
80600
80609
80610
80611
80612
80614
80615
80616
80618
80619
80626
80627
80628
80629
80630
80631
80632
80633
80634
80635
80636
80637
80638
80645
80650
80651
80652
80653
80654
80656
80657
80658
80659
80660
80661
80662
80670
80671
80673
80674
80677
80678
80679
80680
80681
80682
80697
80704
80706
80707
80709
80710
80711
80712
80713
80720
80721
80722
80723
80724
80725
80726
80727
80728
80731
80734
80735
80742
80751
80752
80753
80766
80767
80768
80769
80770
80771
80772
80773
80774
80775
80790
80792
80795
80796
80797
80798
80799
80800
80804
80805
80806
80808
80809
80810
80812
80813
80820
80821
80822
80823
80824
80825
80826
80834
80835
80836
80837
80838
80839
80840
80858
80859
80860
80861
80863
80864
80865
80866
80867
80878
80879
80880
80881
80891
80892
80893
80895
80901
80902
80903
80904
80905
80906
80908
80909
80910
80911
80912
80913
80914
80915
80922
80923
80924
80925
80926
80927
80928
80929
80930
80932
80945
80946
80947
80948
80950
80951
80952
80953
80956
80964
80965
80966
80967
80968
80969
80970
80973
80980
80981
80983
80991
80992
80993
80994
80995
80996
80997
80998
81000
81001
81014
81015
81019
81020
81021
81022
81023
81024
81025
81026
81027
81028
81041
81047
81048
81049
81051
81052
81053
81054
81055
81075
81076
81077
81078
81079
81080
81081
81082
81089
81097
81098
81099
81100
81102
81103
81104
81105
81120
81121
81122
81123
81124
81125
81126
81127
81128
81129
81130
81131
81132
81161
81162
81163
81164
81165
81166
81167
81168
81169
81170
81171
81172
81178
81179
81180
81188
81189
81191
81192
81195
81207
81208
81209
81210
81211
81212
81213
81214
81240
81241
81242
81243
81244
81245
81246
81248
81249
81250
81251
81252
81253
81266
81267
81268
81269
81270
81271
81272
81274
81282
81283
81284
81285
81286
81287
81288
81289
81290
81291
81292
81306
81307
81308
81309
81311
81313
81314
81315
81322
81323
81334
81335
81336
81337
81343
81344
81345
81346
81348
81349
81350
81351
81359
81360
81361
81362
81367
81373
81388
81389
81390
81391
81392
81394
81396
81397
81407
81409
81410
81411
81412
81413
81414
81415
81416
81417
81423
81424
81425
81426
81427
81428
81429
81430
81431
81441
81442
81443
81444
81445
81446
81447
81448
81460
81461
81462
81463
81464
81465
81473
81475
81476
81477
81478
81479
81480
81481
81482
81483
81484
81485
81491
81492
81493
81494
81495
81496
81497
81498
81499
81507
81508
81514
81515
81516
81517
81518
81519
81520
81521
81522
81529
81530
81537
81538
81539
81540
81542
81545
81546
81547
81556
81558
81559
81560
81561
81562
81563
81564
81565
81566
81575
81576
81577
81580
81581
81583
81584
81585
81586
81600
81601
81602
81603
81605
81607
81608
81609
81610
81611
81612
81624
81626
81627
81628
81629
81630
81631
81632
81633
81634
81635
81636
81637
81638
81655
81656
81657
81658
81660
81663
81664
81667
81668
82388
82391
82404
82405
82406
82409
82412
82413
82420
82421
82422
82423
82424
82425
82426
82427
82428
82435
82436
82439
82440
82441
82442
82443
82454
82455
82456
82457
82458
82459
82460
82466
82467
82469
82483
82484
82485
82487
82488
82489
82490
82491
82492
82493
82501
82502
82503
82504
82505
82507
82508
82509
82516
82518
82519
82520
82522
82523
82524
82525
82526
82535
82541
82542
82544
82545
82546
82547
82548
82549
82556
82563
82564
82565
82566
82567
82568
82570
82571
82572
82580
82581
82582
82583
82588
82597
82598
82599
82600
82601
82607
82608
82614
82616
82624
82625
82626
82627
82628
82629
82630
82631
82632
82646
82648
82649
82650
82651
82652
82653
82672
82673
82674
82680
82684
82685
82686
82687
82688
82689
82690
82699
82700
82701
82702
82703
